image_width: 1280
image_height: 720

camera_matrix: [ 600.715087890625, 0.0, 638.1029663085938, 0.0, 600.434326171875,
                 364.24505615234375, 0.0, 0.0, 1.0 ]
distortion_coefficients: [0.089075, -0.034796, -0.000021, 0.000630, 0.000000]
